0
0
0
0
0
0
0
0
0
0
0
0
0
0
0
0
0
0
0
0
0
0
0
0
0
0
0
0
0
0
0
0
0
0
0
0
0
0
0
0
0
0
0
0
0
0
0
0
0
0
0
0
0
0
0
0
0
0
0
0
0
0
0
0
0
0
0
0
0
0
0
0
0
0
0
0
0
0
0
0
0
0
0
0
0
0
0
0
0
0
0
0
0
0
0
0
0
0
0
0
0
0
0
0
0
0
0
0
0
0
0
0
0
0
0
0
0
0
0
0
0
0
0
0
0
0
0
0
0
0
0
0
0
0
0
0
0
0
0
0
0
0
0
0
0
0
0
0
0
0
0
0
0
0
0
0
0
0
0
0
0
0
0
0
0
0
0
0
0
0
0
0
0
0
0
0
0
0
0
0
0
0
0
0
0
0
0
0
0
0
0
0
0
0
0
0
0
0
0
0
0
0
0
0
0
0
0
0
0
0
0
0
0
0
0
0
0
0
0
0
0
0
0
0
0
0
0
0
0
0
0
0
0
0
0
0
0
0
0
0
0
0
0
0
0
0
0
0
0
0
0
0
0
0
0
0
0
0
0
0
0
0
0
0
0
0
0
0
0
0
0
0
0
0
0
0
0
0
0
0
0
0
0
0
0
0
0
0
0
0
0
0
0
0
0
0
0
0
0
0
0
0
0
0
0
0
0
0
0
0
0
0
0
0
0
0
0
0
0
0
0
0
0
0
0
0
0
0
0
0
0
0
0
0
0
0
0
0
0
0
0
0
0
0
0
0
0
0
0
0
0
0
0
0
0
0
0
0
0
0
0
0
0
0
0
0
0
0
0
0
0
0
0
0
0
0
0
0
0
0
0
0
0
0
0
0
0
0
0
0
-1
1
1
-1
-1
0
1
0
3
4
2
7
2
7
2
6
2
5
4
38
70
80
169
140
247
130
72
81
130
161
142
109
85
66
85
137
161
206
197
158
94
76
67
106
67
66
97
146
117
107
103
135
210
253
488
596
594
613
625
635
654
709
767
843
887
972
992
713
441
588
855
841
610
340
176
266
375
446
537
470
440
534
696
758
869
952
1060
1203
1242
1404
1290
1326
1395
1360
1400
1432
1445
1541
1595
1641
1660
1597
1657
1632
1596
1505
1437
1520
1552
1510
1371
1299
1318
1136
939
908
798
898
765
939
911
1024
1034
1075
1273
1437
1456
1432
1504
1605
1666
1752
1619
1628
1683
1694
1709
1757
2022
2050
2063
2076
1947
1898
2164
2204
2289
2456
2583
2677
2597
2531
2316
2204
2004
1857
1880
1682
1783
1909
1820
2047
2318
2591
2548
2310
1973
1982
1754
1762
2061
2135
2257
2453
2751
2893
2502
2387
2121
1990
2087
2431
2485
2524
2596
2780
2660
2494
2298
2097
2029
2104
2332
2357
2142
1955
1840
2032
2106
2045
2089
2028
1920
1885
2004
1912
1776
1702
1810
1699
1606
1522
1448
1372
1401
1553
1612
1711
1722
1428
1649
1812
1838
1847
2004
1899
1794
1840
1713
1770
2033
2046
1981
2082
2091
1898
1737
1705
1493
1225
1063
913
984
1041
1105
1074
900
752
805
1094
1313
1487
1703
1682
1656
1447
1395
1471
1237
1243
1174
1077
1052
1050
969
953
785
1115
954
1142
1006
1041
1284
1397
1568
1770
1665
1725
1854
2061
1973
2024
1927
1739
1724
1508
1748
1932
1865
1806
1690
1549
1416
1624
1700
1669
1929
1950
1967
1996
2216
2418
2446
2563
2708
2659
2558
2487
2479
2251
2228
2425
2153
1996
1712
1637
1659
1695
1518
1547
1341
1403
1495
1462
1374
1477
1435
1473
1620
1676
1414
1255
1439
1522
1412
1365
1315
1291
1329
1307
1252
1354
1291
1385
1375
1358
1561
1506
1322
1497
1518
1636
1390
1379
1550
1690
1558
1462
1389
1441
1723
1657
1679
1564
1783
1910
1784
1948
1790
1827
1741
1707
1647
1550
1761
1925
1720
1537
1666
1826
1990
2177
2295
2347
2298
2198
2052
1943
1892
2000
2062
2174
2216
2224
2270
2380
2405
2507
2567
2600
2730
2763
2757
2854
2912
2844
2786
2734
2551
2585
2609
2832
3055
3165
3247
3108
3048
3040
2997
3091
3303
3442
3583
3833
4007
4085
4252
4508
4582
4575
4591
4639
4694
4619
4521
4546
4546
4324
3983
3670
3424
3258
3139
3084
3036
3014
3050
3033
3281
3351
3021
2885
2719
2962
3229
3559
3614
3487
3341
3173
3367
3223
3132
3250
3341
3143
2976
2796
2564
2335
2126
1847
1699
1716
1910
2262
2591
2816
2914
3155
3164
3240
3295
3483
3541
3619
3693
3796
3963
4096
3939
3856
3662
3384
3143
2918
2859
3043
3285
3415
3428
3571
3632
3566
3607
3459
3194
2949
2803
2829
3111
3215
3226
3383
3651
3717
3445
3326
3168
3051
2897
2714
2420
2349
2423
2644
2903
3085
3015
3173
3492
3516
3613
3702
3514
3347
3263
3245
3179
3099
3249
3305
3252
3084
2936
2800
2915
2840
2608
2410
2284
2191
2297
2238
2139
2224
2205
2065
2063
1967
1892
1748
1610
1507
1465
1355
1248
1131
1141
1267
1389
1477
1553
1677
1873
1973
2314
2449
2522
2358
2125
2131
2052
2018
1961
1903
1635
1464
1362
1609
1656
1686
1519
1327
1184
1435
1417
1361
1326
1210
1112
1192
1184
1096
1096
1067
982
974
992
976
888
906
934
955
939
850
825
867
896
781
838
937
961
1061
1076
1046
1015
996
956
931
916
962
999
1032
1092
1170
1063
1094
1046
1103
989
961
929
894
839
829
776
706
740
798
843
891
795
722
681
663
669
680
705
833
867
947
884
983
1027
1090
960
850
767
864
999
1056
1101
1215
1177
1151
1188
1117
1061
1099
1114
1012
982
881
766
916
865
762
736
716
747
772
896
797
806
779
770
751
659
680
716
756
711
768
697
774
698
682
678
649
713
698
707
741
763
771
773
792
837
783
779
784
785
789
717
758
826
951
895
898
878
863
844
873
849
734
826
809
814
749
749
750
751
732
730
723
727
707
746
769
840
947
933
1037
1019
1079
1037
1002
1062
1122
1001
878
886
795
810
914
959
1129
1119
1016
1137
1148
1029
1143
1016
1116
982
1078
1007
1042
1011
1007
946
990
997
1040
1071
1110
1077
987
842
927
1032
1093
1155
1206
1125
1112
1071
1038
970
989
965
1036
938
841
793
807
826
831
780
739
718
742
779
832
858
955
1029
979
925
957
991
1003
1060
828
733
1039
1114
1187
1138
1029
977
920
1051
986
1053
974
900
919
843
896
910
920
860
823
832
917
876
789
831
801
837
978
963
983
1068
1151
903
1123
1231
1398
1404
1398
1411
1031
1262
1411
1384
1290
1131
1137
1083
1041
993
975
974
956
891
794
764
820
766
729
656
612
662
645
759
827
806
695
619
697
794
772
708
653
577
694
770
753
871
801
756
637
757
712
657
708
610
487
535
607
660
761
659
605
545
434
520
570
697
646
627
708
737
657
590
657
641
529
526
630
623
637
543
606
681
706
725
737
720
651
561
612
677
699
630
520
463
423
362
415
427
490
497
459
446
431
422
453
475
521
582
585
603
625
573
621
599
627
590
689
584
649
657
643
680
716
685
669
644
591
536
599
689
660
590
508
550
619
639
547
642
644
569
535
613
656
671
734
752
685
629
647
612
614
626
674
568
638
696
739
730
673
614
606
546
645
742
706
694
725
621
554
620
709
737
753
679
665
741
804
897
985
954
926
873
805
764
717
658
560
473
547
620
690
736
741
772
822
841
827
791
767
725
715
701
691
704
605
573
632
685
759
671
660
666
738
773
849
943
929
912
896
949
915
855
822
778
707
635
745
802
933
952
963
927
864
783
735
773
785
778
784
733
740
745
675
748
769
768
828
757
748
672
734
744
738
757
751
774
835
854
913
950
934
848
801
843
850
827
792
892
1033
1035
995
982
1064
1054
912
905
908
975
963
1006
1057
1015
937
956
992
1073
1143
1135
1171
1172
1142
1085
978
973
995
1083
1159
1272
1310
1295
1261
1201
1152
1151
1140
1122
934
1018
1045
959
974
859
647
516
450
455
464
505
434
305
293
201
302
635
595
643
613
562
452
480
421
407
391
371
407
479
543
505
515
533
602
660
684
733
657
639
586
585
534
467
433
451
481
512
548
646
672
637
611
611
627
634
569
535
574
576
525
565
488
453
385
431
399
372
380
304
285
285
273
255
223
216
203
211
217
195
177
160
136
148
155
145
128
218
104
158
99
105
109
82
74
69
115
107
101
97
97
94
87
82
83
80
81
77
72
70
67
64
62
58
58
52
48
43
34
25
26
20
10
7
0
-1
-1
-1
-1
-1
-1
-1
-1
-1
-1
-1
-1
-1
-1
-1
-1
-1
-1
-1
-1
-1
-1
-1
-1
-1
-1
-1
-1
-1
-1
-1
-1
-1
-1
-1
-1
-1
-1
-1
-1
-1
-1
-1
-1
-1
-1
-1
-1
-1
-1
-1
-1
-1
-1
-1
-1
-1
-1
-1
-1
-1
-1
-1
-1
-1
-1
-1
-1
-1
-1
-1
-1
-1
-1
-1
-1
-1
-1
-1
-1
-1
-1
-1
-1
-1
-1
-1
-1
-1
-1
-1
-1
-1
-1
-1
-1
-1
-1
-1
-1
-1
-1
-1
-1
-1
-1
-1
-1
-1
-1
-1
-1
-1
-1
-1
-1
-1
-1
-1
-1
-1
-1
-1
-1
-1
-1
-1
-1
-1
-1
-1
-1
-1
-1
-1
-1
-1
-1
-1
-1
-1
-1
-1
-1
-1
-1
-1
-1
-1
-1
-1
-1
-1
-1
-1
-1
-1
-1
-1
-1
-1
-1
-1
-1
-1
-1
-1
-1
-1
-1
-1
-1
-1
-1
-1
-1
-1
-1
-1
-1
-1
-1
-1
-1
-1
-1
-1
-1
-1
-1
-1
-1
-1
-1
-1
-1
-1
-1
-1
-1
-1
-1
-1
-1
-1
-1
-1
-1
-1
-1
-1
-1
-1
-1
-1
-1
-1
-1
-1
-1
-1
-1
-1
-1
-1
-1
-1
-1
-1
-1
-1
-1
-1
-1
-1
-1
-1
-1
-1
-1
-1
-1
-1
-1
-1
-1
-1
-1
-1
-1
-1
-1
-1
-1
-1
-1
-1
-1
-1
-1
-1
-1
-1
-1
-1
-1
-1
-1
-1
-1
-1
-1
-1
-1
-1
-1
-1
-1
-1
-1
-1
-1
-1
-1
-1
-1
-1
-1
-1
-1
-1
-1
-1
-1
-1
-1
-1
-1
-1
-1
-1
-1
-1
-1
-1
-1
-1
-1
-1
-1
-1
-1
-1
-1
-1
-1
-1
-1
-1
-1
-1
-1
-1
